 mr elizabeth could would it said she darcy but mrs much you must bennet miss he the sister one and jane bingley lady know her though well never time soon think might good every may little nothing make say without day wickham shall dear collins family see room him man first friend great hope mother father however give lydia thought
mr 0.0 0.0 2106.859036575537 1977.6991682255418 0.0 1148.1040893577551 0.0 0.0 0.0 0.0 1136.8931348196277 0.0 1078.5680321611615 0.0 23.664319132398465 0.0 0.0 750.4925049592434 1006.5833298838204 0.0 0.0 0.0 448.0267849135808 673.5384176125368 0.0 1030.811815997469 549.9636351614532 783.1079108271094 630.2380502635492 762.028214700742 846.8187527446472 972.7615329565617 678.1983485677328 841.5592670751122 731.3467030075408 729.4072936295606 496.42421375271374 685.4728295125927 540.4979185898869 736.6247348548649 446.2689771875253 0.0 706.8196375313861 430.7180051959751 0.0 385.2907992672548 604.6519660102 197.6486782146544 0.0 488.4321856716652 561.309183961923 440.005681781497 538.441268849259 437.90980806554217 366.7315094179937 320.8613407688748 85.79044235810886 547.0941418074224 0.0 473.4501029675672
elizabeth 0.0 0.0 2106.859036575537 1977.6991682255418 0.0 1148.1040893577551 0.0 0.0 0.0 0.0 1136.8931348196277 0.0 1078.5680321611615 0.0 23.664319132398465 0.0 0.0 750.4925049592434 1006.5833298838204 0.0 0.0 0.0 448.0267849135808 673.5384176125368 0.0 1030.811815997469 549.9636351614532 783.1079108271094 630.2380502635492 762.028214700742 846.8187527446472 972.7615329565617 678.1983485677328 841.5592670751122 731.3467030075408 729.4072936295606 496.42421375271374 685.4728295125927 540.4979185898869 736.6247348548649 446.2689771875253 0.0 706.8196375313861 430.7180051959751 0.0 385.2907992672548 604.6519660102 197.6486782146544 0.0 488.4321856716652 561.309183961923 440.005681781497 538.441268849259 437.90980806554217 366.7315094179937 320.8613407688748 85.79044235810886 547.0941418074224 0.0 473.4501029675672
could 2106.859036575537 2106.859036575537 0.0 2717.483578607238 2106.859036575537 2293.4371585024955 2106.859036575537 2106.859036575537 2106.859036575537 2106.859036575537 2278.7389056230204 2106.859036575537 2283.566070863727 2106.859036575537 2106.4218475889393 2106.859036575537 2106.859036575537 2184.067306655177 2221.9205656368545 2106.859036575537 2106.859036575537 2106.859036575537 2127.39770611891 2133.9796156477223 2106.859036575537 2163.707466364157 2114.2651205560765 2136.066712441351 2150.91399177187 2182.7368141853476 2142.1262801244934 2235.124605027648 2146.2497524752334 2201.837641607573 2182.9835088703717 2150.2316154312307 2051.4643550400774 2140.6769957188776 2078.858100015487 2118.1857803318385 2119.093438241929 2106.859036575537 2164.8156965432418 2120.9669964428963 2106.859036575537 2110.418441920938 2101.8974760915435 2105.167451771949 2106.859036575537 2093.7480746259803 2128.968999304593 2099.8904733342642 2120.5980288588407 2105.052493407231 2098.404393819266 2099.936903814017 2094.5770456108794 2117.738652430937 2106.859036575537 2090.3114600460863
would 1977.6991682255418 1977.6991682255418 2717.483578607238 0.0 1977.6991682255418 2174.1087829269263 1977.6991682255418 1977.6991682255418 1977.6991682255418 1977.6991682255418 2144.271438041369 1977.6991682255418 2176.9499305220597 1977.6991682255418 1972.3179256904805 1977.6991682255418 1977.6991682255418 2041.3233452836423 2088.697680374065 1977.6991682255418 1977.6991682255418 1977.6991682255418 1991.3307108564363 1961.5917006349716 1977.6991682255418 2136.634971163769 2013.2416645797891 2004.896007278183 2024.7098557571157 2049.8051126875453 2000.8063374549772 2145.639531701446 2034.0164699431516 2046.6152545117022 2060.199504902377 2034.210657724514 1984.3656417102168 1995.6445074210988 1970.7770041280673 2042.4480409547755 1990.1753691572007 1977.6991682255418 2029.3742878040018 1982.6341064351739 1977.6991682255418 1971.719300509076 1999.0917937903703 1974.2246579353628 1977.6991682255418 1970.9840182000462 2025.2910901892596 1981.2226023342253 1995.0516284046384 1969.6413379090113 1978.9022209295738 1967.1248053949196 1977.662761949064 1919.5551568006583 1977.6991682255418 1959.3588236971807
it 0.0 0.0 2106.859036575537 1977.6991682255418 0.0 1148.1040893577551 0.0 0.0 0.0 0.0 1136.8931348196277 0.0 1078.5680321611615 0.0 23.664319132398465 0.0 0.0 750.4925049592434 1006.5833298838204 0.0 0.0 0.0 448.0267849135808 673.5384176125368 0.0 1030.811815997469 549.9636351614532 783.1079108271094 630.2380502635492 762.028214700742 846.8187527446472 972.7615329565617 678.1983485677328 841.5592670751122 731.3467030075408 729.4072936295606 496.42421375271374 685.4728295125927 540.4979185898869 736.6247348548649 446.2689771875253 0.0 706.8196375313861 430.7180051959751 0.0 385.2907992672548 604.6519660102 197.6486782146544 0.0 488.4321856716652 561.309183961923 440.005681781497 538.441268849259 437.90980806554217 366.7315094179937 320.8613407688748 85.79044235810886 547.0941418074224 0.0 473.4501029675672
said 1148.1040893577551 1148.1040893577551 2293.4371585024955 2174.1087829269263 1148.1040893577551 0.0 1148.1040893577551 1148.1040893577551 1148.1040893577551 1148.1040893577551 1493.8316504880997 1148.1040893577551 1475.9803521727517 1148.1040893577551 1147.7251413121523 1148.1040893577551 1148.1040893577551 1303.9984662567667 1448.3062521442073 1148.1040893577551 1148.1040893577551 1148.1040893577551 1198.7948114669166 1224.5199059223169 1148.1040893577551 1483.4857599586185 1211.7074729488136 1262.2143241145698 1268.8912482951405 1299.8099861133549 1297.3985509472407 1446.5828700769273 1263.8781586846098 1383.9187114856131 1270.9787567068145 1301.4914521425026 1197.2986260745479 1272.6774925329669 1174.0447180580475 1315.1064595689581 1206.385096061784 1148.1040893577551 1216.056330932083 1174.514793435996 1148.1040893577551 1194.1071978679302 1210.6663454478282 1152.2560479337915 1148.1040893577551 1207.3479200296822 1235.6815932917348 1185.6028002665985 1207.9975165537387 1150.7241198480199 1182.8579796408358 1163.0163369445847 1149.3341550654447 1207.6617904032569 1148.1040893577551 1205.8590299035786
she 0.0 0.0 2106.859036575537 1977.6991682255418 0.0 1148.1040893577551 0.0 0.0 0.0 0.0 1136.8931348196277 0.0 1078.5680321611615 0.0 23.664319132398465 0.0 0.0 750.4925049592434 1006.5833298838204 0.0 0.0 0.0 448.0267849135808 673.5384176125368 0.0 1030.811815997469 549.9636351614532 783.1079108271094 630.2380502635492 762.028214700742 846.8187527446472 972.7615329565617 678.1983485677328 841.5592670751122 731.3467030075408 729.4072936295606 496.42421375271374 685.4728295125927 540.4979185898869 736.6247348548649 446.2689771875253 0.0 706.8196375313861 430.7180051959751 0.0 385.2907992672548 604.6519660102 197.6486782146544 0.0 488.4321856716652 561.309183961923 440.005681781497 538.441268849259 437.90980806554217 366.7315094179937 320.8613407688748 85.79044235810886 547.0941418074224 0.0 473.4501029675672
darcy 0.0 0.0 2106.859036575537 1977.6991682255418 0.0 1148.1040893577551 0.0 0.0 0.0 0.0 1136.8931348196277 0.0 1078.5680321611615 0.0 23.664319132398465 0.0 0.0 750.4925049592434 1006.5833298838204 0.0 0.0 0.0 448.0267849135808 673.5384176125368 0.0 1030.811815997469 549.9636351614532 783.1079108271094 630.2380502635492 762.028214700742 846.8187527446472 972.7615329565617 678.1983485677328 841.5592670751122 731.3467030075408 729.4072936295606 496.42421375271374 685.4728295125927 540.4979185898869 736.6247348548649 446.2689771875253 0.0 706.8196375313861 430.7180051959751 0.0 385.2907992672548 604.6519660102 197.6486782146544 0.0 488.4321856716652 561.309183961923 440.005681781497 538.441268849259 437.90980806554217 366.7315094179937 320.8613407688748 85.79044235810886 547.0941418074224 0.0 473.4501029675672
but 0.0 0.0 2106.859036575537 1977.6991682255418 0.0 1148.1040893577551 0.0 0.0 0.0 0.0 1136.8931348196277 0.0 1078.5680321611615 0.0 23.664319132398465 0.0 0.0 750.4925049592434 1006.5833298838204 0.0 0.0 0.0 448.0267849135808 673.5384176125368 0.0 1030.811815997469 549.9636351614532 783.1079108271094 630.2380502635492 762.028214700742 846.8187527446472 972.7615329565617 678.1983485677328 841.5592670751122 731.3467030075408 729.4072936295606 496.42421375271374 685.4728295125927 540.4979185898869 736.6247348548649 446.2689771875253 0.0 706.8196375313861 430.7180051959751 0.0 385.2907992672548 604.6519660102 197.6486782146544 0.0 488.4321856716652 561.309183961923 440.005681781497 538.441268849259 437.90980806554217 366.7315094179937 320.8613407688748 85.79044235810886 547.0941418074224 0.0 473.4501029675672
mrs 0.0 0.0 2106.859036575537 1977.6991682255418 0.0 1148.1040893577551 0.0 0.0 0.0 0.0 1136.8931348196277 0.0 1078.5680321611615 0.0 23.664319132398465 0.0 0.0 750.4925049592434 1006.5833298838204 0.0 0.0 0.0 448.0267849135808 673.5384176125368 0.0 1030.811815997469 549.9636351614532 783.1079108271094 630.2380502635492 762.028214700742 846.8187527446472 972.7615329565617 678.1983485677328 841.5592670751122 731.3467030075408 729.4072936295606 496.42421375271374 685.4728295125927 540.4979185898869 736.6247348548649 446.2689771875253 0.0 706.8196375313861 430.7180051959751 0.0 385.2907992672548 604.6519660102 197.6486782146544 0.0 488.4321856716652 561.309183961923 440.005681781497 538.441268849259 437.90980806554217 366.7315094179937 320.8613407688748 85.79044235810886 547.0941418074224 0.0 473.4501029675672
much 1136.8931348196277 1136.8931348196277 2278.7389056230204 2144.271438041369 1136.8931348196277 1493.8316504880997 1136.8931348196277 1136.8931348196277 1136.8931348196277 1136.8931348196277 0.0 1136.8931348196277 1480.8014721764698 1136.8931348196277 1132.62438610512 1136.8931348196277 1136.8931348196277 1294.0243428931312 1428.24157620481 1136.8931348196277 1136.8931348196277 1136.8931348196277 1183.9847971996937 1233.7795589164216 1136.8931348196277 1460.5406533198588 1225.710406254267 1288.4944703024535 1243.793391202896 1318.1763918383608 1338.4797346243238 1440.5328875107296 1256.983293445064 1363.6106482423786 1288.4354853852792 1309.307068643563 1197.1085999189881 1280.057420587061 1182.1328182568996 1282.6464828626788 1196.9001629208678 1136.8931348196277 1225.6712446655506 1173.576584633487 1136.8931348196277 1180.1021142257139 1221.609593937441 1138.5670819060244 1136.8931348196277 1198.2253544304594 1233.2372034608752 1185.7912969827364 1221.6975894221941 1167.8711401520288 1176.1904607673027 1154.793488031518 1137.9824251718478 1196.0284277557955 1136.8931348196277 1184.7949189627714
you 0.0 0.0 2106.859036575537 1977.6991682255418 0.0 1148.1040893577551 0.0 0.0 0.0 0.0 1136.8931348196277 0.0 1078.5680321611615 0.0 23.664319132398465 0.0 0.0 750.4925049592434 1006.5833298838204 0.0 0.0 0.0 448.0267849135808 673.5384176125368 0.0 1030.811815997469 549.9636351614532 783.1079108271094 630.2380502635492 762.028214700742 846.8187527446472 972.7615329565617 678.1983485677328 841.5592670751122 731.3467030075408 729.4072936295606 496.42421375271374 685.4728295125927 540.4979185898869 736.6247348548649 446.2689771875253 0.0 706.8196375313861 430.7180051959751 0.0 385.2907992672548 604.6519660102 197.6486782146544 0.0 488.4321856716652 561.309183961923 440.005681781497 538.441268849259 437.90980806554217 366.7315094179937 320.8613407688748 85.79044235810886 547.0941418074224 0.0 473.4501029675672
must 1078.5680321611615 1078.5680321611615 2283.566070863727 2176.9499305220597 1078.5680321611615 1475.9803521727517 1078.5680321611615 1078.5680321611615 1078.5680321611615 1078.5680321611615 1480.8014721764698 1078.5680321611615 0.0 1078.5680321611615 1078.41411340913 1078.5680321611615 1078.5680321611615 1241.2268124722411 1415.1639480993006 1078.5680321611615 1078.5680321611615 1078.5680321611615 1134.1494610499976 1165.6333042599633 1078.5680321611615 1414.9325072242846 1156.4510365769922 1257.6100349472408 1205.9398824153716 1285.088323812803 1271.0645144916916 1390.348877080857 1216.4924989493359 1328.3708066650668 1225.9767534500807 1263.0684858708178 1153.2259102188088 1198.4715265704062 1144.5475088435603 1274.239773355078 1137.1055359991876 1078.5680321611615 1210.267325841692 1120.8385253907006 1078.5680321611615 1117.342382620475 1182.3311718803661 1086.4096833147246 1078.5680321611615 1153.3529381763415 1163.4607857594515 1129.0739568336523 1155.2705310878487 1111.9739205574922 1115.433099741979 1107.0731683136396 1076.8486430320652 1163.6249395746036 1078.5680321611615 1140.7050451365594
bennet 0.0 0.0 2106.859036575537 1977.6991682255418 0.0 1148.1040893577551 0.0 0.0 0.0 0.0 1136.8931348196277 0.0 1078.5680321611615 0.0 23.664319132398465 0.0 0.0 750.4925049592434 1006.5833298838204 0.0 0.0 0.0 448.0267849135808 673.5384176125368 0.0 1030.811815997469 549.9636351614532 783.1079108271094 630.2380502635492 762.028214700742 846.8187527446472 972.7615329565617 678.1983485677328 841.5592670751122 731.3467030075408 729.4072936295606 496.42421375271374 685.4728295125927 540.4979185898869 736.6247348548649 446.2689771875253 0.0 706.8196375313861 430.7180051959751 0.0 385.2907992672548 604.6519660102 197.6486782146544 0.0 488.4321856716652 561.309183961923 440.005681781497 538.441268849259 437.90980806554217 366.7315094179937 320.8613407688748 85.79044235810886 547.0941418074224 0.0 473.4501029675672
miss 23.664319132398465 23.664319132398465 2106.4218475889393 1972.3179256904805 23.664319132398465 1147.7251413121523 23.664319132398465 23.664319132398465 23.664319132398465 23.664319132398465 1132.62438610512 23.664319132398465 1078.41411340913 23.664319132398465 0.0 23.664319132398465 23.664319132398465 750.0793291379252 1006.070574065259 23.664319132398465 23.664319132398465 23.664319132398465 447.915170540137 673.1032610231509 23.664319132398465 1030.3179121028616 549.9018094169177 782.5624575712791 630.1253843482264 761.8313461652782 846.4466905836422 972.5548827701191 676.9054586868095 839.2758783618174 731.312518694983 727.1526662262884 496.4101127092396 685.106561054556 540.4109547372259 736.123630920785 446.3294747157082 23.664319132398465 706.6088026624067 430.7876507050777 23.664319132398465 385.22071595385415 604.4236924542254 198.11865131784035 23.664319132398465 488.0983507450112 561.1167436460972 440.14883846262734 538.3595452854904 438.037669613014 366.82966074187624 320.78965070587924 88.88194417315589 546.2966227243218 23.664319132398465 473.238840333293
he 0.0 0.0 2106.859036575537 1977.6991682255418 0.0 1148.1040893577551 0.0 0.0 0.0 0.0 1136.8931348196277 0.0 1078.5680321611615 0.0 23.664319132398465 0.0 0.0 750.4925049592434 1006.5833298838204 0.0 0.0 0.0 448.0267849135808 673.5384176125368 0.0 1030.811815997469 549.9636351614532 783.1079108271094 630.2380502635492 762.028214700742 846.8187527446472 972.7615329565617 678.1983485677328 841.5592670751122 731.3467030075408 729.4072936295606 496.42421375271374 685.4728295125927 540.4979185898869 736.6247348548649 446.2689771875253 0.0 706.8196375313861 430.7180051959751 0.0 385.2907992672548 604.6519660102 197.6486782146544 0.0 488.4321856716652 561.309183961923 440.005681781497 538.441268849259 437.90980806554217 366.7315094179937 320.8613407688748 85.79044235810886 547.0941418074224 0.0 473.4501029675672
the 0.0 0.0 2106.859036575537 1977.6991682255418 0.0 1148.1040893577551 0.0 0.0 0.0 0.0 1136.8931348196277 0.0 1078.5680321611615 0.0 23.664319132398465 0.0 0.0 750.4925049592434 1006.5833298838204 0.0 0.0 0.0 448.0267849135808 673.5384176125368 0.0 1030.811815997469 549.9636351614532 783.1079108271094 630.2380502635492 762.028214700742 846.8187527446472 972.7615329565617 678.1983485677328 841.5592670751122 731.3467030075408 729.4072936295606 496.42421375271374 685.4728295125927 540.4979185898869 736.6247348548649 446.2689771875253 0.0 706.8196375313861 430.7180051959751 0.0 385.2907992672548 604.6519660102 197.6486782146544 0.0 488.4321856716652 561.309183961923 440.005681781497 538.441268849259 437.90980806554217 366.7315094179937 320.8613407688748 85.79044235810886 547.0941418074224 0.0 473.4501029675672
sister 750.4925049592434 750.4925049592434 2184.067306655177 2041.3233452836423 750.4925049592434 1303.9984662567667 750.4925049592434 750.4925049592434 750.4925049592434 750.4925049592434 1294.0243428931312 750.4925049592434 1241.2268124722411 750.4925049592434 750.0793291379252 750.4925049592434 750.4925049592434 0.0 1176.4255182543432 750.4925049592434 750.4925049592434 750.4925049592434 854.8233735690666 971.5117086273331 750.4925049592434 1232.9217331201523 891.2423912718695 1043.8232609019594 950.4046506620219 1038.7800537168587 1077.983766111531 1193.346554861579 984.290607493539 1076.3591408075652 999.4273360279876 1018.1826948048174 876.8751336421851 978.5335967660998 878.7701633533082 1027.700831954514 842.9359406265698 750.4925049592434 980.2198732937422 831.881602152614 750.4925049592434 833.1830531161804 927.4249295765129 767.6418435702942 750.4925049592434 871.0459230143954 916.6738787595074 822.7612047246758 897.1398999041343 835.5561022456841 802.374600794417 800.5354458111146 753.6849474415686 899.7727490872348 750.4925049592434 852.2300158994636
one 1006.5833298838204 1006.5833298838204 2221.9205656368545 2088.697680374065 1006.5833298838204 1448.3062521442073 1006.5833298838204 1006.5833298838204 1006.5833298838204 1006.5833298838204 1428.24157620481 1006.5833298838204 1415.1639480993006 1006.5833298838204 1006.070574065259 1006.5833298838204 1006.5833298838204 1176.4255182543432 0.0 1006.5833298838204 1006.5833298838204 1006.5833298838204 1054.9369649415078 1156.1868361125723 1006.5833298838204 1390.3693753819523 1099.8027095802229 1215.6586691995415 1140.8970155101642 1203.7337745531609 1243.5216121965875 1334.6246663388176 1157.6549572303486 1275.9169251953672 1188.8692106367293 1207.8754074820797 1083.5040378328085 1165.9446813635714 1076.294569344285 1190.8316421728136 1069.1220697375954 1006.5833298838204 1137.9217899311006 1065.1187727197375 1006.5833298838204 1057.2232498389353 1118.3139094189967 1011.4519266875712 1006.5833298838204 1067.6928397249837 1112.7820990652212 1060.51544071739 1106.1604766036437 1045.0928188443359 1045.4367508367018 1027.7324554571583 1008.1775637257556 1084.8105825442524 1006.5833298838204 1072.3977806765547
and 0.0 0.0 2106.859036575537 1977.6991682255418 0.0 1148.1040893577551 0.0 0.0 0.0 0.0 1136.8931348196277 0.0 1078.5680321611615 0.0 23.664319132398465 0.0 0.0 750.4925049592434 1006.5833298838204 0.0 0.0 0.0 448.0267849135808 673.5384176125368 0.0 1030.811815997469 549.9636351614532 783.1079108271094 630.2380502635492 762.028214700742 846.8187527446472 972.7615329565617 678.1983485677328 841.5592670751122 731.3467030075408 729.4072936295606 496.42421375271374 685.4728295125927 540.4979185898869 736.6247348548649 446.2689771875253 0.0 706.8196375313861 430.7180051959751 0.0 385.2907992672548 604.6519660102 197.6486782146544 0.0 488.4321856716652 561.309183961923 440.005681781497 538.441268849259 437.90980806554217 366.7315094179937 320.8613407688748 85.79044235810886 547.0941418074224 0.0 473.4501029675672
jane 0.0 0.0 2106.859036575537 1977.6991682255418 0.0 1148.1040893577551 0.0 0.0 0.0 0.0 1136.8931348196277 0.0 1078.5680321611615 0.0 23.664319132398465 0.0 0.0 750.4925049592434 1006.5833298838204 0.0 0.0 0.0 448.0267849135808 673.5384176125368 0.0 1030.811815997469 549.9636351614532 783.1079108271094 630.2380502635492 762.028214700742 846.8187527446472 972.7615329565617 678.1983485677328 841.5592670751122 731.3467030075408 729.4072936295606 496.42421375271374 685.4728295125927 540.4979185898869 736.6247348548649 446.2689771875253 0.0 706.8196375313861 430.7180051959751 0.0 385.2907992672548 604.6519660102 197.6486782146544 0.0 488.4321856716652 561.309183961923 440.005681781497 538.441268849259 437.90980806554217 366.7315094179937 320.8613407688748 85.79044235810886 547.0941418074224 0.0 473.4501029675672
bingley 0.0 0.0 2106.859036575537 1977.6991682255418 0.0 1148.1040893577551 0.0 0.0 0.0 0.0 1136.8931348196277 0.0 1078.5680321611615 0.0 23.664319132398465 0.0 0.0 750.4925049592434 1006.5833298838204 0.0 0.0 0.0 448.0267849135808 673.5384176125368 0.0 1030.811815997469 549.9636351614532 783.1079108271094 630.2380502635492 762.028214700742 846.8187527446472 972.7615329565617 678.1983485677328 841.5592670751122 731.3467030075408 729.4072936295606 496.42421375271374 685.4728295125927 540.4979185898869 736.6247348548649 446.2689771875253 0.0 706.8196375313861 430.7180051959751 0.0 385.2907992672548 604.6519660102 197.6486782146544 0.0 488.4321856716652 561.309183961923 440.005681781497 538.441268849259 437.90980806554217 366.7315094179937 320.8613407688748 85.79044235810886 547.0941418074224 0.0 473.4501029675672
lady 448.0267849135808 448.0267849135808 2127.39770611891 1991.3307108564363 448.0267849135808 1198.7948114669166 448.0267849135808 448.0267849135808 448.0267849135808 448.0267849135808 1183.9847971996937 448.0267849135808 1134.1494610499976 448.0267849135808 447.915170540137 448.0267849135808 448.0267849135808 854.8233735690666 1054.9369649415078 448.0267849135808 448.0267849135808 448.0267849135808 0.0 776.8500498809278 448.0267849135808 1099.4666888996683 687.7383223290673 871.5664059611292 747.1813702174326 854.1808941904519 933.2095155965782 1047.265486875224 793.5672624295939 933.6744614693067 840.920923749671 814.9042888585137 646.7356492416357 796.216679051626 676.4525112674207 840.2678144496551 617.5872408008443 448.0267849135808 811.9076302141765 595.6559409592085 448.0267849135808 574.6659899454639 726.5397442673044 477.16768541048543 448.0267849135808 615.3746826121464 696.248518849412 609.6433383544841 662.5835796335433 602.8988306507154 570.3735617996332 537.936799261772 453.70254572792516 677.4850551857214 448.0267849135808 632.2950260756445
know 673.5384176125368 673.5384176125368 2133.9796156477223 1961.5917006349716 673.5384176125368 1224.5199059223169 673.5384176125368 673.5384176125368 673.5384176125368 673.5384176125368 1233.7795589164216 673.5384176125368 1165.6333042599633 673.5384176125368 673.1032610231509 673.5384176125368 673.5384176125368 971.5117086273331 1156.1868361125723 673.5384176125368 673.5384176125368 673.5384176125368 776.8500498809278 0.0 673.5384176125368 1171.830619159612 805.0826044574557 937.0101386858096 889.6347565152792 981.3292006253558 970.8820731685182 1132.526820874455 904.0846199333334 1028.7633352720147 920.7887922862658 942.193716811994 777.837386604681 914.059626063858 760.231543676004 956.8134614437654 782.0716079746151 673.5384176125368 839.2306000140843 743.3007466698792 673.5384176125368 758.7918028023233 844.0722717871971 693.61444621634 673.5384176125368 788.2664524131418 843.1761381822898 756.8705305400654 809.2681879327768 727.9004052753371 746.4971533770239 722.59117071827 676.9771044872936 803.5981582855949 673.5384176125368 778.75991165442
her 0.0 0.0 2106.859036575537 1977.6991682255418 0.0 1148.1040893577551 0.0 0.0 0.0 0.0 1136.8931348196277 0.0 1078.5680321611615 0.0 23.664319132398465 0.0 0.0 750.4925049592434 1006.5833298838204 0.0 0.0 0.0 448.0267849135808 673.5384176125368 0.0 1030.811815997469 549.9636351614532 783.1079108271094 630.2380502635492 762.028214700742 846.8187527446472 972.7615329565617 678.1983485677328 841.5592670751122 731.3467030075408 729.4072936295606 496.42421375271374 685.4728295125927 540.4979185898869 736.6247348548649 446.2689771875253 0.0 706.8196375313861 430.7180051959751 0.0 385.2907992672548 604.6519660102 197.6486782146544 0.0 488.4321856716652 561.309183961923 440.005681781497 538.441268849259 437.90980806554217 366.7315094179937 320.8613407688748 85.79044235810886 547.0941418074224 0.0 473.4501029675672
though 1030.811815997469 1030.811815997469 2163.707466364157 2136.634971163769 1030.811815997469 1483.4857599586185 1030.811815997469 1030.811815997469 1030.811815997469 1030.811815997469 1460.5406533198588 1030.811815997469 1414.9325072242846 1030.811815997469 1030.3179121028616 1030.811815997469 1030.811815997469 1232.9217331201523 1390.3693753819523 1030.811815997469 1030.811815997469 1030.811815997469 1099.4666888996683 1171.830619159612 1030.811815997469 0.0 1123.875882826925 1239.155760992136 1153.9995667243554 1231.7166882039066 1266.1054458456451 1340.2007312339447 1169.3562331471107 1283.8757728066996 1205.5558883768101 1194.1138974151502 1099.6590380658906 1201.851904354276 1109.2641705202598 1222.4446817750077 1095.114149301341 1030.811815997469 1193.8010722059182 1090.2435507720281 1030.811815997469 1072.8299026406748 1159.5494814797685 1042.4749397467547 1030.811815997469 1106.7072783712954 1128.2185072050538 1097.8478947468088 1135.721796920355 1081.0319144225114 1048.9513811421386 1061.101785881072 1031.382082450534 1127.587247178683 1030.811815997469 1088.384123368216
well 549.9636351614532 549.9636351614532 2114.2651205560765 2013.2416645797891 549.9636351614532 1211.7074729488136 549.9636351614532 549.9636351614532 549.9636351614532 549.9636351614532 1225.710406254267 549.9636351614532 1156.4510365769922 549.9636351614532 549.9018094169177 549.9636351614532 549.9636351614532 891.2423912718695 1099.8027095802229 549.9636351614532 549.9636351614532 549.9636351614532 687.7383223290673 805.0826044574557 549.9636351614532 1123.875882826925 0.0 894.8072418124476 811.2213014954674 913.7784195306868 933.7087340279087 1075.7792524491258 845.3407596939828 971.8353770057972 855.523231712617 886.3357151779454 699.9835712357826 842.5229967187839 718.63620838363 895.9810265848267 693.7852693737451 549.9636351614532 833.5946257024453 670.6772696312288 549.9636351614532 660.8441571202699 787.9479678252873 568.4478867935037 549.9636351614532 706.444619202383 762.4447520968323 670.4871363419286 747.0133867609068 656.4320223755084 648.6509076537241 624.9943999749117 554.0054151359894 750.1946414098144 549.9636351614532 687.024744823649
never 783.1079108271094 783.1079108271094 2136.066712441351 2004.896007278183 783.1079108271094 1262.2143241145698 783.1079108271094 783.1079108271094 783.1079108271094 783.1079108271094 1288.4944703024535 783.1079108271094 1257.6100349472408 783.1079108271094 782.5624575712791 783.1079108271094 783.1079108271094 1043.8232609019594 1215.6586691995415 783.1079108271094 783.1079108271094 783.1079108271094 871.5664059611292 937.0101386858096 783.1079108271094 1239.155760992136 894.8072418124476 0.0 972.1234489508007 1053.2155524867642 1069.0734305930532 1193.3209962118324 981.6216175288724 1102.7030425277696 1003.1021882141421 1018.3079102118377 891.3904868238162 981.5971678850749 866.6591025310933 1004.8661602422484 875.2976636550562 783.1079108271094 937.8006184685528 844.6987628734873 783.1079108271094 852.6282894673387 889.172649152008 796.3749117093029 783.1079108271094 887.9898648070258 917.6894899692379 857.8828591363741 914.5397749688091 838.2380330192611 847.0466338992204 820.2572767126178 785.3725230742415 896.977145751217 783.1079108271094 866.293830059986
time 630.2380502635492 630.2380502635492 2150.91399177187 2024.7098557571157 630.2380502635492 1268.8912482951405 630.2380502635492 630.2380502635492 630.2380502635492 630.2380502635492 1243.793391202896 630.2380502635492 1205.9398824153716 630.2380502635492 630.1253843482264 630.2380502635492 630.2380502635492 950.4046506620219 1140.8970155101642 630.2380502635492 630.2380502635492 630.2380502635492 747.1813702174326 889.6347565152792 630.2380502635492 1153.9995667243554 811.2213014954674 972.1234489508007 0.0 966.4186463432916 1021.5086881666743 1118.8149981118415 902.272131898132 1020.3920815059278 917.0201742600868 933.3889864359875 782.7010923717943 894.6334444899766 791.7676426831296 936.3439538972845 752.1449328420687 630.2380502635492 900.5753716374882 741.2516441803012 630.2380502635492 722.045012447285 839.4617323023128 652.3626292178301 630.2380502635492 777.0392525477719 804.4874144447507 738.8294796500746 791.1390522531422 731.9446700400242 718.0139274415226 694.8496240194709 634.0315449565582 800.5685479707531 630.2380502635492 749.5151766308671
soon 762.028214700742 762.028214700742 2182.7368141853476 2049.8051126875453 762.028214700742 1299.8099861133549 762.028214700742 762.028214700742 762.028214700742 762.028214700742 1318.1763918383608 762.028214700742 1285.088323812803 762.028214700742 761.8313461652782 762.028214700742 762.028214700742 1038.7800537168587 1203.7337745531609 762.028214700742 762.028214700742 762.028214700742 854.1808941904519 981.3292006253558 762.028214700742 1231.7166882039066 913.7784195306868 1053.2155524867642 966.4186463432916 0.0 1086.1661935449843 1179.0139948278816 981.2583757604314 1100.4939799926212 1020.3200478281312 1018.4733673493873 886.1422007781821 978.1063336877029 891.0808044167487 1034.7381311230392 866.9515557399964 762.028214700742 976.093745497839 855.7657389729972 762.028214700742 822.4208168571611 934.2446146486476 768.9486328747844 762.028214700742 879.324172305072 917.0883272618837 848.1037672360618 906.2880336846559 834.7358863736481 825.8068781500915 815.5679003001528 765.316274490488 907.2436276987565 762.028214700742 865.7967428906163
think 846.8187527446472 846.8187527446472 2142.1262801244934 2000.8063374549772 846.8187527446472 1297.3985509472407 846.8187527446472 846.8187527446472 846.8187527446472 846.8187527446472 1338.4797346243238 846.8187527446472 1271.0645144916916 846.8187527446472 846.4466905836422 846.8187527446472 846.8187527446472 1077.983766111531 1243.5216121965875 846.8187527446472 846.8187527446472 846.8187527446472 933.2095155965782 970.8820731685182 846.8187527446472 1266.1054458456451 933.7087340279087 1069.0734305930532 1021.5086881666743 1086.1661935449843 0.0 1225.6390170029674 1018.1871144342773 1125.3141783519836 1025.4569713059636 1064.6074393878712 906.5048262419787 1021.2448286282776 903.4024573798768 1055.7594422973445 922.8737725171303 846.8187527446472 936.7582398890335 885.784398146637 846.8187527446472 908.5015134825038 974.8743508781016 861.6327523951257 846.8187527446472 916.5173211674726 975.3491682469412 914.3560575618231 940.543991528307 873.043526979039 902.2372193608508 882.6075005346374 842.6790610902825 952.240515836204 846.8187527446472 925.1081017913529
might 972.7615329565617 972.7615329565617 2235.124605027648 2145.639531701446 972.7615329565617 1446.5828700769273 972.7615329565617 972.7615329565617 972.7615329565617 972.7615329565617 1440.5328875107296 972.7615329565617 1390.348877080857 972.7615329565617 972.5548827701191 972.7615329565617 972.7615329565617 1193.346554861579 1334.6246663388176 972.7615329565617 972.7615329565617 972.7615329565617 1047.265486875224 1132.526820874455 972.7615329565617 1340.2007312339447 1075.7792524491258 1193.3209962118324 1118.8149981118415 1179.0139948278816 1225.6390170029674 0.0 1140.9715158583058 1238.3533421443171 1174.6739973286205 1176.5772392835074 1065.451078182382 1117.1544208389457 1053.6503215013984 1162.5699978926 1036.866915278909 972.7615329565617 1140.5301398910947 1042.057100162942 972.7615329565617 1004.1125434930091 1091.1292315761684 978.5407503011819 972.7615329565617 1064.0606185739607 1099.115553524742 1040.9735827579873 1086.194273599341 983.2486969226046 1016.2957246785996 997.4662901572162 964.9139858039161 1070.8263164491243 972.7615329565617 1028.9441189880042
good 678.1983485677328 678.1983485677328 2146.2497524752334 2034.0164699431516 678.1983485677328 1263.8781586846098 678.1983485677328 678.1983485677328 678.1983485677328 678.1983485677328 1256.983293445064 678.1983485677328 1216.4924989493359 678.1983485677328 676.9054586868095 678.1983485677328 678.1983485677328 984.290607493539 1157.6549572303486 678.1983485677328 678.1983485677328 678.1983485677328 793.5672624295939 904.0846199333334 678.1983485677328 1169.3562331471107 845.3407596939828 981.6216175288724 902.272131898132 981.2583757604314 1018.1871144342773 1140.9715158583058 0.0 1050.619341150733 955.9827404299724 966.40985094317 808.7175032111028 917.7134629065872 827.2007011602444 971.7360752797027 789.7297005938171 678.1983485677328 925.09621121265 768.7151618122281 678.1983485677328 768.3840185740461 879.7903159276078 692.182056976342 678.1983485677328 794.4589353767758 854.9988304085567 778.4458876505162 827.9565205975492 765.4854668770662 753.4912076461145 722.0879447823513 681.330316366445 842.5562295775873 678.1983485677328 803.3604421428778
every 841.5592670751122 841.5592670751122 2201.837641607573 2046.6152545117022 841.5592670751122 1383.9187114856131 841.5592670751122 841.5592670751122 841.5592670751122 841.5592670751122 1363.6106482423786 841.5592670751122 1328.3708066650668 841.5592670751122 839.2758783618174 841.5592670751122 841.5592670751122 1076.3591408075652 1275.9169251953672 841.5592670751122 841.5592670751122 841.5592670751122 933.6744614693067 1028.7633352720147 841.5592670751122 1283.8757728066996 971.8353770057972 1102.7030425277696 1020.3920815059278 1100.4939799926212 1125.3141783519836 1238.3533421443171 1050.619341150733 0.0 1084.5017289059524 1087.3982711040146 956.0967524262385 1048.7759531949614 957.5834167319315 1087.0924523700824 894.5579914125187 841.5592670751122 1050.3932596889606 921.5400154089891 841.5592670751122 907.5433873925808 987.869424569867 847.4095821974165 841.5592670751122 951.0026288081438 978.2157226297276 934.0123125526773 976.2105305721713 913.3985986413599 903.32496921097 887.2079801264189 844.0675328431961 964.8243363431501 841.5592670751122 936.9498385719484
may 731.3467030075408 731.3467030075408 2182.9835088703717 2060.199504902377 731.3467030075408 1270.9787567068145 731.3467030075408 731.3467030075408 731.3467030075408 731.3467030075408 1288.4354853852792 731.3467030075408 1225.9767534500807 731.3467030075408 731.312518694983 731.3467030075408 731.3467030075408 999.4273360279876 1188.8692106367293 731.3467030075408 731.3467030075408 731.3467030075408 840.920923749671 920.7887922862658 731.3467030075408 1205.5558883768101 855.523231712617 1003.1021882141421 917.0201742600868 1020.3200478281312 1025.4569713059636 1174.6739973286205 955.9827404299724 1084.5017289059524 0.0 972.1198485783531 850.4663426614836 950.0068420806242 807.9678211414115 1001.5338236924403 837.4532822790774 731.3467030075408 879.8306655260432 804.7658044425099 731.3467030075408 814.3862719864572 902.5275619060063 751.2729197834832 731.3467030075408 845.3969481846974 879.2030482203755 823.1749510280303 876.6692648884184 778.2563844903555 791.667859648224 780.0320506235626 724.1394893250886 877.670781101889 731.3467030075408 843.5395663512174
little 729.4072936295606 729.4072936295606 2150.2316154312307 2034.210657724514 729.4072936295606 1301.4914521425026 729.4072936295606 729.4072936295606 729.4072936295606 729.4072936295606 1309.307068643563 729.4072936295606 1263.0684858708178 729.4072936295606 727.1526662262884 729.4072936295606 729.4072936295606 1018.1826948048174 1207.8754074820797 729.4072936295606 729.4072936295606 729.4072936295606 814.9042888585137 942.193716811994 729.4072936295606 1194.1138974151502 886.3357151779454 1018.3079102118377 933.3889864359875 1018.4733673493873 1064.6074393878712 1176.5772392835074 966.40985094317 1087.3982711040146 972.1198485783531 0.0 853.6462967763639 965.7090659199591 862.8412368448786 1015.1852047779262 833.4908517794302 729.4072936295606 976.6959608803551 829.7873221494771 729.4072936295606 787.9568516105435 910.3565235664541 744.1061752196389 729.4072936295606 855.9468441439574 901.8797037299375 833.0318121176406 885.0446316429471 823.7960912750193 791.9854796648737 776.0289943036922 726.5073984482195 859.2700390447696 729.4072936295606 843.6515868532459
nothing 496.42421375271374 496.42421375271374 2051.4643550400774 1984.3656417102168 496.42421375271374 1197.2986260745479 496.42421375271374 496.42421375271374 496.42421375271374 496.42421375271374 1197.1085999189881 496.42421375271374 1153.2259102188088 496.42421375271374 496.4101127092396 496.42421375271374 496.42421375271374 876.8751336421851 1083.5040378328085 496.42421375271374 496.42421375271374 496.42421375271374 646.7356492416357 777.837386604681 496.42421375271374 1099.6590380658906 699.9835712357826 891.3904868238162 782.7010923717943 886.1422007781821 906.5048262419787 1065.451078182382 808.7175032111028 956.0967524262385 850.4663426614836 853.6462967763639 0.0 820.5973434029628 649.1910350582485 861.6640876815048 649.8638318909585 496.42421375271374 817.7890926149603 636.4691665744697 496.42421375271374 617.593717584627 750.6963434039092 525.5758746365742 496.42421375271374 676.0569502638073 726.9298453083351 642.708331982712 704.3024918314574 619.9935483535293 595.8229602826665 574.6294458170413 500.6565689172569 706.8627872508214 496.42421375271374 660.9145179219473
make 685.4728295125927 685.4728295125927 2140.6769957188776 1995.6445074210988 685.4728295125927 1272.6774925329669 685.4728295125927 685.4728295125927 685.4728295125927 685.4728295125927 1280.057420587061 685.4728295125927 1198.4715265704062 685.4728295125927 685.106561054556 685.4728295125927 685.4728295125927 978.5335967660998 1165.9446813635714 685.4728295125927 685.4728295125927 685.4728295125927 796.216679051626 914.059626063858 685.4728295125927 1201.851904354276 842.5229967187839 981.5971678850749 894.6334444899766 978.1063336877029 1021.2448286282776 1117.1544208389457 917.7134629065872 1048.7759531949614 950.0068420806242 965.7090659199591 820.5973434029628 0.0 825.3284194791792 966.274805632435 786.065518897757 685.4728295125927 923.2524031921065 773.8610986475544 685.4728295125927 761.9960629819553 869.9109149792293 704.6531061451443 685.4728295125927 807.0408911573193 853.885823749288 794.0654884831603 838.5690192226278 765.8106815656204 763.6432413110196 741.1389883146076 688.0632238392051 844.8496907734535 685.4728295125927 804.2027107638969
say 540.4979185898869 540.4979185898869 2078.858100015487 1970.7770041280673 540.4979185898869 1174.0447180580475 540.4979185898869 540.4979185898869 540.4979185898869 540.4979185898869 1182.1328182568996 540.4979185898869 1144.5475088435603 540.4979185898869 540.4109547372259 540.4979185898869 540.4979185898869 878.7701633533082 1076.294569344285 540.4979185898869 540.4979185898869 540.4979185898869 676.4525112674207 760.231543676004 540.4979185898869 1109.2641705202598 718.63620838363 866.6591025310933 791.7676426831296 891.0808044167487 903.4024573798768 1053.6503215013984 827.2007011602444 957.5834167319315 807.9678211414115 862.8412368448786 649.1910350582485 825.3284194791792 0.0 879.1723380543772 675.1696083207537 540.4979185898869 744.9966442877444 639.9671866588161 540.4979185898869 647.3353072403822 757.7176255043827 565.712824673438 540.4979185898869 691.5460939084248 748.1510542664496 656.721402118128 707.9060672151355 618.9628421803687 630.3649736462203 610.8747825864152 544.2242184982216 715.1810959470336 540.4979185898869 676.4842939788033
without 736.6247348548649 736.6247348548649 2118.1857803318385 2042.4480409547755 736.6247348548649 1315.1064595689581 736.6247348548649 736.6247348548649 736.6247348548649 736.6247348548649 1282.6464828626788 736.6247348548649 1274.239773355078 736.6247348548649 736.123630920785 736.6247348548649 736.6247348548649 1027.700831954514 1190.8316421728136 736.6247348548649 736.6247348548649 736.6247348548649 840.2678144496551 956.8134614437654 736.6247348548649 1222.4446817750077 895.9810265848267 1004.8661602422484 936.3439538972845 1034.7381311230392 1055.7594422973445 1162.5699978926 971.7360752797027 1087.0924523700824 1001.5338236924403 1015.1852047779262 861.6640876815048 966.274805632435 879.1723380543772 0.0 833.0306116824279 736.6247348548649 976.1885063859337 837.1403705472577 736.6247348548649 809.2113444582942 898.0623586366372 756.7436818368556 736.6247348548649 858.2750141999941 901.712814592318 833.5640347327852 894.4847678971398 825.4326138456124 809.6777136614296 788.4300856765932 738.8626394669039 883.9819002671944 736.6247348548649 844.9881655976018
